   381610.00000   1017499.00000         1.41439
   381610.00000   1017514.00000         1.49471
   381610.00000   1017529.00000         1.31905
   381610.00000   1017544.00000         1.34800
   381610.00000   1017559.00000         1.44080
   381610.00000   1017574.00000         1.47156
   381610.00000   1017589.00000         1.56143
   381610.00000   1017634.00000         1.51279
   381610.00000   1017649.00000         1.44863
   381610.00000   1017664.00000         1.33963
   381610.00000   1017679.00000         1.37247
   381610.00000   1017694.00000         1.39835
   381610.00000   1017709.00000         1.44525
   381610.00000   1017724.00000         1.47219
   381610.00000   1017739.00000         1.36601
   381610.00000   1017754.00000         1.31553
   381610.00000   1017769.00000         1.38909
   381610.00000   1017784.00000         1.49129
   381610.00000   1017799.00000         1.37459
   381610.00000   1017814.00000         1.46569
   381610.00000   1017829.00000         1.30379
   381610.00000   1017844.00000         1.51103
   381610.00000   1017859.00000         1.35602
   381610.00000   1017874.00000         1.46424
   381610.00000   1017889.00000         1.30699
   381610.00000   1017904.00000         1.34029
   381610.00000   1017919.00000         1.29764
   381610.00000   1017934.00000         1.35661
   381610.00000   1017949.00000         1.33922
   381610.00000   1017964.00000         1.38064
   381610.00000   1017979.00000         1.30177
   381610.00000   1017994.00000         1.30362
   381610.00000   1018009.00000         1.36027
   381610.00000   1018024.00000         1.67138
   381610.00000   1018039.00000         1.59673
   381610.00000   1018054.00000         1.58648
   381610.00000   1018069.00000         1.51313
   381610.00000   1018084.00000         1.41736
   381610.00000   1018099.00000         1.39092
   381610.00000   1018114.00000         1.46246
   381610.00000   1018129.00000         1.37979
   381610.00000   1018144.00000         1.38584
   381610.00000   1018159.00000         1.38217
   381610.00000   1018174.00000         1.35665
   381610.00000   1018189.00000         1.31878
   381610.00000   1018204.00000         1.32113
   381610.00000   1018219.00000         1.27252
   381610.00000   1018234.00000         1.29685
   381610.00000   1018249.00000         1.29805
   381610.00000   1018264.00000         1.34101
   381610.00000   1018279.00000         1.27909
   381610.00000   1018294.00000         1.24740
   381610.00000   1018309.00000         1.26798
   381610.00000   1018324.00000         1.39215
   381610.00000   1018339.00000         1.28168
   381610.00000   1018354.00000         1.28792
   381610.00000   1018369.00000         1.28882
   381610.00000   1018384.00000         1.29323
   381610.00000   1018399.00000         1.31939
   381610.00000   1018414.00000         1.33586
   381610.00000   1018429.00000         1.40342
   381610.00000   1018444.00000         1.37132
   381610.00000   1018459.00000         1.37491
   381610.00000   1018684.00000         1.28183
   381610.00000   1018699.00000         1.25301
   381610.00000   1018714.00000         1.33081
   381610.00000   1018729.00000         1.35282
   381610.00000   1018744.00000         1.42360
   381610.00000   1018759.00000         1.38226
   381610.00000   1018774.00000         1.45554
   381610.00000   1018789.00000         1.38606
   381610.00000   1018804.00000         1.25554
   381610.00000   1018819.00000         1.29257
   381610.00000   1018834.00000         1.26453
   381610.00000   1018849.00000         1.27058
   381610.00000   1018864.00000         1.29904
   381610.00000   1018879.00000         1.41661
   381610.00000   1018894.00000         1.35268
   381610.00000   1018909.00000         1.28525
   381610.00000   1018924.00000         1.22521
   381610.00000   1018939.00000         1.44627
   381610.00000   1018954.00000         1.35269
   381610.00000   1018969.00000         1.36193
   381610.00000   1018984.00000         1.38358
   381610.00000   1018999.00000         1.25960
   381610.00000   1019014.00000         1.21583
   381610.00000   1019029.00000         1.29269
   381610.00000   1019044.00000         1.32964
   381610.00000   1019059.00000         1.39519
   381610.00000   1019074.00000         1.32937
   381610.00000   1019089.00000         1.36482
   381610.00000   1019104.00000         1.28550
   381610.00000   1019119.00000         1.31879
   381610.00000   1019134.00000         1.38094
   381610.00000   1019149.00000         1.53115
   381610.00000   1019164.00000         1.45674
   381610.00000   1019179.00000         1.41778
   381610.00000   1019194.00000         1.36339
   381610.00000   1019209.00000         1.42992
   381610.00000   1019224.00000         1.48563
   381610.00000   1019239.00000         1.42464
   381610.00000   1019254.00000         1.40639
   381610.00000   1019269.00000         1.44107
   381610.00000   1019284.00000         1.51722
   381610.00000   1019299.00000         1.43373
   381610.00000   1019314.00000         1.41443
   381610.00000   1019329.00000         1.50237
   381610.00000   1019344.00000         1.36762
   381610.00000   1019359.00000         1.41000
   381610.00000   1019374.00000         1.34668
   381610.00000   1019389.00000         1.26496
   381610.00000   1019404.00000         1.38927
   381610.00000   1019419.00000         1.31056
   381610.00000   1019434.00000         1.30048
   381610.00000   1019449.00000         1.23629
   381610.00000   1019464.00000         1.29851
   381610.00000   1019479.00000         1.32839
   381610.00000   1019494.00000         1.27448
   381610.00000   1019509.00000         1.22561
   381610.00000   1019524.00000         1.46225
   381610.00000   1019614.00000         1.31661
   381610.00000   1019644.00000         1.20191
   381610.00000   1019659.00000         1.24858
   381610.00000   1019674.00000         1.33669
   381610.00000   1019689.00000         1.42786
   381610.00000   1019704.00000         1.24585
   381610.00000   1019719.00000         1.32487
   381610.00000   1019734.00000         1.26107
   381610.00000   1019749.00000         1.34741
   381610.00000   1019764.00000         1.26707
   381610.00000   1019779.00000         1.26536
   381610.00000   1019794.00000         1.27273
   381610.00000   1019809.00000         1.29854
   381610.00000   1019824.00000         1.25470
   381610.00000   1019839.00000         1.24796
   381610.00000   1019854.00000         1.31378
   381610.00000   1019869.00000         1.34551
   381610.00000   1019884.00000         1.36887
   381610.00000   1019899.00000         1.24052
   381610.00000   1019914.00000         1.36201
   381610.00000   1019929.00000         1.40650
   381610.00000   1019944.00000         1.43591
   381610.00000   1019959.00000         1.51779
   381610.00000   1019974.00000         1.58068
   381610.00000   1019989.00000         1.41382
   381610.00000   1020004.00000         1.42981
   381610.00000   1020019.00000         1.48153
   381610.00000   1020064.00000         1.43565
   381610.00000   1020079.00000         1.51576
   381610.00000   1020094.00000         1.41547
   381610.00000   1020109.00000         1.30557
   381610.00000   1020124.00000         1.42600
   381610.00000   1020139.00000         1.43813
   381610.00000   1020154.00000         1.42075
   381610.00000   1020169.00000         1.57673
   381610.00000   1020184.00000         1.51868
   381610.00000   1020199.00000         1.50215
   381610.00000   1020214.00000         1.38493
   381610.00000   1020229.00000         1.33738
   381610.00000   1020244.00000         1.32403
   381610.00000   1020259.00000         1.23764
   381610.00000   1020274.00000         1.29900
   381610.00000   1020289.00000         1.25469
   381610.00000   1020304.00000         1.34706
   381610.00000   1020319.00000         1.24477
   381610.00000   1020334.00000         1.29615
   381610.00000   1020349.00000         1.26590
   381610.00000   1020364.00000         1.20688
   381610.00000   1020394.00000         1.28677
   381610.00000   1020409.00000         1.30934
   381610.00000   1020424.00000         1.34449
   381610.00000   1020439.00000         1.40782
   381610.00000   1020454.00000         1.35250
   381610.00000   1020469.00000         1.32379
   381610.00000   1020484.00000         1.35240
   381610.00000   1020499.00000         1.36954
   381610.00000   1020514.00000         1.47108
   381610.00000   1020529.00000         1.29102
   381610.00000   1020544.00000         1.26773
   381610.00000   1020559.00000         1.30244
   381610.00000   1020574.00000         1.31613
   381610.00000   1020589.00000         1.26443
   381610.00000   1020604.00000         1.25033
   381610.00000   1020619.00000         1.25362
   381610.00000   1020634.00000         1.31842
   381610.00000   1020649.00000         1.30120
   381610.00000   1020664.00000         1.30526
   381610.00000   1020679.00000         1.25606
   381610.00000   1020694.00000         1.34829
   381610.00000   1020709.00000         1.24402
   381610.00000   1020724.00000         1.26077
   381610.00000   1020739.00000         1.22374
   381610.00000   1020754.00000         1.26932
   381610.00000   1020769.00000         1.19810
   381610.00000   1020784.00000         1.22501
   381610.00000   1020799.00000         1.18826
   381610.00000   1020814.00000         1.29933
   381610.00000   1020829.00000         1.32332
   381610.00000   1020844.00000         1.30911
   381610.00000   1020859.00000         1.26803
   381610.00000   1020874.00000         1.19022
   381610.00000   1020889.00000         1.24828
   381610.00000   1020904.00000         1.30518
   381610.00000   1020919.00000         1.24397
   381610.00000   1020934.00000         1.16266
   381610.00000   1020949.00000         1.15591
   381610.00000   1020964.00000         1.15973
   381610.00000   1020979.00000         1.15987
   381610.00000   1020994.00000         1.17515
   381610.00000   1021009.00000         1.19662
   381610.00000   1021024.00000         1.24905
   381610.00000   1021039.00000         1.26477
   381610.00000   1021054.00000         1.25292
   381610.00000   1021069.00000         1.24727
   381610.00000   1021084.00000         1.29489
   381610.00000   1021099.00000         1.28657
   381610.00000   1021114.00000         1.25469
   381610.00000   1021129.00000         1.30630
   381610.00000   1021144.00000         1.28472
   381610.00000   1021159.00000         1.24659
   381610.00000   1021174.00000         1.24032
   381610.00000   1021189.00000         1.18850
   381610.00000   1021204.00000         1.18490
   381610.00000   1021219.00000         1.17471
   381610.00000   1021234.00000         1.18360
   381610.00000   1021249.00000         1.22673
   381610.00000   1021264.00000         1.15267
   381610.00000   1021279.00000         1.21922
   381610.00000   1021294.00000         1.24950
   381610.00000   1021309.00000         1.19231
   381610.00000   1021324.00000         1.26024
   381610.00000   1021339.00000         1.25719
   381610.00000   1021354.00000         1.27649
   381610.00000   1021369.00000         1.24627
   381610.00000   1021384.00000         1.30218
   381610.00000   1021399.00000         1.32396
   381610.00000   1021414.00000         1.26808
   381610.00000   1021429.00000         1.23375
   381610.00000   1021444.00000         1.24524
   381610.00000   1021459.00000         1.26061
   381610.00000   1021474.00000         1.34253
   381610.00000   1021489.00000         1.34988
   381610.00000   1021504.00000         1.35374
   381610.00000   1021519.00000         1.30364
   381610.00000   1021534.00000         1.37738
   381610.00000   1021549.00000         1.38518
   381610.00000   1021564.00000         1.37911
   381610.00000   1021579.00000         1.31750
   381610.00000   1021594.00000         1.30801
   381610.00000   1021609.00000         1.30194
   381610.00000   1021624.00000         1.24448
   381610.00000   1021639.00000         1.22818
   381610.00000   1021654.00000         1.28274
   381610.00000   1021669.00000         1.33285
   381610.00000   1021684.00000         1.28262
   381610.00000   1021699.00000         1.24352
   381610.00000   1021714.00000         1.26738
   381610.00000   1021729.00000         1.29225
   381610.00000   1021744.00000         1.32404
   381610.00000   1021759.00000         1.32245
   381610.00000   1021774.00000         1.28112
   381610.00000   1021789.00000         1.31835
   381610.00000   1021804.00000         1.38732
   381610.00000   1021819.00000         1.35967
   381610.00000   1021834.00000         1.35515
   381610.00000   1021849.00000         1.28188
   381610.00000   1021864.00000         1.31550
   381610.00000   1021879.00000         1.30075
   381610.00000   1021894.00000         1.26608
   381610.00000   1021909.00000         1.29711
   381610.00000   1021924.00000         1.27433
   381610.00000   1021939.00000         1.17792
   381610.00000   1021954.00000         1.18543
   381610.00000   1021969.00000         1.21757
   381610.00000   1021984.00000         1.23767
   381610.00000   1021999.00000         1.21041
   381610.00000   1022014.00000         1.26745
   381610.00000   1022029.00000         1.28971
   381610.00000   1022044.00000         1.36824
   381610.00000   1022059.00000         1.33101
   381610.00000   1022074.00000         1.29841
   381610.00000   1022089.00000         1.35317
   381610.00000   1022104.00000         1.29351
   381610.00000   1022119.00000         1.31012
   381610.00000   1022134.00000         1.31747
   381610.00000   1022149.00000         1.30598
   381610.00000   1022164.00000         1.31717
   381610.00000   1022179.00000         1.31385
   381610.00000   1022194.00000         1.37607
   381610.00000   1022209.00000         1.41626
   381610.00000   1022224.00000         1.32885
   381610.00000   1022239.00000         1.27651
   381610.00000   1022254.00000         1.30075
   381610.00000   1022269.00000         1.41596
   381610.00000   1022284.00000         1.58941
   381610.00000   1022299.00000         1.37766
   381610.00000   1022314.00000         1.23712
   381610.00000   1022329.00000         1.25732
   381610.00000   1022344.00000         1.25872
   381610.00000   1022359.00000         1.26522
   381610.00000   1022374.00000         1.37896
   381610.00000   1022389.00000         1.37204
   381610.00000   1022404.00000         1.36242
   381610.00000   1022419.00000         1.32191
   381610.00000   1022434.00000         1.50559
   381610.00000   1022449.00000         1.37659
   381610.00000   1022464.00000         1.28009
   381610.00000   1022479.00000         1.40915
   381610.00000   1022494.00000         1.44660
   381610.00000   1022509.00000         1.40756
   381610.00000   1022524.00000         1.45877
   381610.00000   1022539.00000         1.32157
   381610.00000   1022554.00000         1.27662
   381610.00000   1022569.00000         1.27463
   381610.00000   1022584.00000         1.30728
   381610.00000   1022599.00000         1.26892
   381610.00000   1022614.00000         1.27255
   381610.00000   1022629.00000         1.22143
   381610.00000   1022644.00000         1.24016
   381610.00000   1022659.00000         1.22728
   381610.00000   1022674.00000         1.29739
   381610.00000   1022689.00000         1.26974
   381610.00000   1022704.00000         1.29846
   381610.00000   1022719.00000         1.35324
   381610.00000   1022734.00000         1.31017
   381610.00000   1022749.00000         1.27517
   381610.00000   1022764.00000         1.21192
   381610.00000   1022779.00000         1.28039
   381610.00000   1022794.00000         1.40912
   381610.00000   1022809.00000         1.39818
   381610.00000   1022824.00000         1.40905
   381610.00000   1022839.00000         1.31249
   381610.00000   1022854.00000         1.31328
   381610.00000   1022869.00000         1.32928
   381610.00000   1022884.00000         1.42527
   381610.00000   1022899.00000         1.35874
   381610.00000   1022914.00000         1.34253
   381610.00000   1022929.00000         1.34008
   381610.00000   1022944.00000         1.22880
   381610.00000   1022959.00000         1.27169
   381610.00000   1022974.00000         1.25174
   381610.00000   1022989.00000         1.32026
   381610.00000   1023004.00000         1.25884
   381610.00000   1023019.00000         1.27596
   381610.00000   1023034.00000         1.32027
   381610.00000   1023049.00000         1.47992
   381610.00000   1023064.00000         1.26772
   381610.00000   1023079.00000         1.31187
   381610.00000   1023094.00000         1.32426
   381610.00000   1023109.00000         1.32993
   381610.00000   1023124.00000         1.33413
   381610.00000   1023139.00000         1.52518
   381610.00000   1023154.00000         1.71935
   381610.00000   1023169.00000         1.60403
   381610.00000   1023184.00000         1.45882
   381610.00000   1023199.00000         1.58475
   381610.00000   1023214.00000         1.57833
   381610.00000   1023229.00000         1.34593
   381610.00000   1023244.00000         1.37122
   381610.00000   1023259.00000         1.28648
   381610.00000   1023274.00000         1.29005
   381610.00000   1023289.00000         1.25482
   381610.00000   1023304.00000         1.29164
   381610.00000   1023319.00000         1.58649
   381610.00000   1023334.00000         1.55315
   381610.00000   1023349.00000         1.49972
   381610.00000   1023364.00000         1.30270
   381610.00000   1023379.00000         1.34754
   381610.00000   1023394.00000         1.29751
   381610.00000   1023409.00000         1.28128
   381610.00000   1023424.00000         1.29114
   381610.00000   1023439.00000         1.35122
   381610.00000   1023454.00000         1.22060
   381610.00000   1023469.00000         1.28268
   381610.00000   1023484.00000         1.40139
   381610.00000   1023499.00000         1.31708
   381610.00000   1023514.00000         1.43877
   381610.00000   1023529.00000         1.54304
   381610.00000   1023544.00000         1.62150
   381610.00000   1023559.00000         1.54109
   381610.00000   1023574.00000         1.31601
   381610.00000   1023589.00000         1.43047
   381610.00000   1023604.00000         1.35335
   381610.00000   1023619.00000         1.35318
   381610.00000   1023634.00000         1.34373
   381610.00000   1023649.00000         1.28223
   381610.00000   1023664.00000         1.38631
   381610.00000   1023679.00000         1.32833
   381610.00000   1023694.00000         1.25158
   381610.00000   1023709.00000         1.24287
   381610.00000   1023724.00000         1.25075
   381610.00000   1023739.00000         1.39525
   381610.00000   1023754.00000         1.31865
   381610.00000   1023769.00000         1.37606
   381610.00000   1023784.00000         1.41300
   381610.00000   1023799.00000         1.40560
   381610.00000   1023814.00000         1.37222
   381610.00000   1023829.00000         1.34880
   381610.00000   1023844.00000         1.50241
   381610.00000   1023859.00000         1.43941
   381610.00000   1023874.00000         1.52666
   381610.00000   1023889.00000         1.43750
   381610.00000   1023904.00000         1.42113
   381610.00000   1023919.00000         1.39069
   381610.00000   1023934.00000         1.39083
   381610.00000   1023949.00000         1.35164
   381610.00000   1023964.00000         1.33123
   381610.00000   1023979.00000         1.29907
   381610.00000   1023994.00000         1.24085
   381610.00000   1024009.00000         1.31234
   381610.00000   1024024.00000         1.34413
   381610.00000   1024039.00000         1.33213
   381610.00000   1024054.00000         1.38917
   381610.00000   1024069.00000         1.29398
   381610.00000   1024084.00000         1.25293
   381610.00000   1024099.00000         1.44044
   381610.00000   1024114.00000         1.56200
   381610.00000   1024129.00000         1.50142
   381610.00000   1024144.00000         1.40408
   381610.00000   1024159.00000         1.56639
   381610.00000   1024174.00000         1.36200
   381610.00000   1024189.00000         1.50604
   381610.00000   1024204.00000         1.53253
   381610.00000   1024219.00000         1.43490
   381610.00000   1024234.00000         1.59080
   381610.00000   1024249.00000         1.64794
   381610.00000   1024264.00000         1.46843
   381610.00000   1024279.00000         1.52271
   381610.00000   1024294.00000         1.58452
   381610.00000   1024309.00000         1.53461
   381610.00000   1024324.00000         1.68547
   381610.00000   1024339.00000         1.45522
   381610.00000   1024354.00000         1.53540
   381610.00000   1024369.00000         1.36769
   381610.00000   1024384.00000         1.44476
   381610.00000   1024399.00000         1.55546
   381610.00000   1024414.00000         1.40120
   381610.00000   1024429.00000         1.35365
   381610.00000   1024444.00000         1.38872
   381610.00000   1024459.00000         1.34814
   381610.00000   1024474.00000         1.36757
   381610.00000   1024489.00000         1.41729
   381610.00000   1024504.00000         1.40267
   381610.00000   1024519.00000         1.34264
   381610.00000   1024534.00000         1.44984
   381610.00000   1024549.00000         1.35191
   381610.00000   1024564.00000         1.33380
   381610.00000   1024579.00000         1.23902
   381610.00000   1024594.00000         1.32677
   381610.00000   1024609.00000         1.34648
   381610.00000   1024624.00000         1.36204
   381610.00000   1024639.00000         1.25914
   381610.00000   1024654.00000         1.24771
   381610.00000   1024669.00000         1.30621
   381610.00000   1024684.00000         1.32351
   381610.00000   1024699.00000         1.28644
   381610.00000   1024714.00000         1.34795
   381610.00000   1024729.00000         1.33942
   381610.00000   1024744.00000         1.37798
   381610.00000   1024759.00000         1.38097
   381610.00000   1024774.00000         1.42836
   381610.00000   1024789.00000         1.36408
   381610.00000   1024804.00000         1.38039
   381610.00000   1024819.00000         1.44256
   381610.00000   1024834.00000         1.44555
   381610.00000   1024849.00000         1.34252
   381610.00000   1024864.00000         1.40269
   381610.00000   1024879.00000         1.33083
   381610.00000   1024894.00000         1.34124
   381610.00000   1024909.00000         1.32624
   381610.00000   1024924.00000         1.38566
   381610.00000   1024939.00000         1.33946
   381610.00000   1024954.00000         1.40735
   381610.00000   1024969.00000         1.32582
   381610.00000   1024984.00000         1.31520
   381610.00000   1024999.00000         1.22068
   381610.00000   1025014.00000         1.27120
   381610.00000   1025029.00000         1.24283
   381610.00000   1025044.00000         1.26227
   381610.00000   1025059.00000         1.32046
   381610.00000   1025074.00000         1.35846
   381610.00000   1025089.00000         1.32603
   381610.00000   1025104.00000         1.37206
   381610.00000   1025119.00000         1.27595
   381610.00000   1025134.00000         1.32212
   381610.00000   1025149.00000         1.24985
   381610.00000   1025164.00000         1.28388
   381610.00000   1025179.00000         1.29134
   381610.00000   1025194.00000         1.36956
   381610.00000   1025209.00000         1.33353
   381610.00000   1025224.00000         1.44654
   381610.00000   1025239.00000         1.47184
   381610.00000   1025254.00000         1.42013
   381610.00000   1025269.00000         1.43361
   381610.00000   1025284.00000         1.50739
   381610.00000   1025299.00000         1.51126
   381610.00000   1025314.00000         1.44224
   381610.00000   1025329.00000         1.31999
   381610.00000   1025344.00000         1.46013
   381610.00000   1025359.00000         1.42710
   381610.00000   1025374.00000         1.34046
   381610.00000   1025389.00000         1.23211
   381610.00000   1025404.00000         1.21260
   381610.00000   1025419.00000         1.28709
   381610.00000   1025434.00000         1.22489
   381610.00000   1025449.00000         1.28241
   381610.00000   1025464.00000         1.32319
   381610.00000   1025479.00000         1.32006
   381610.00000   1025494.00000         1.30456
   381610.00000   1025509.00000         1.29871
   381610.00000   1025524.00000         1.34844
   381610.00000   1025539.00000         1.28455
   381610.00000   1025554.00000         1.30544
   381610.00000   1025569.00000         1.42057
   381610.00000   1025584.00000         1.47376
   381610.00000   1025599.00000         1.42692
   381610.00000   1025614.00000         1.41187
   381610.00000   1025629.00000         1.39897
   381610.00000   1025644.00000         1.41318
   381610.00000   1025659.00000         1.39653
   381610.00000   1025674.00000         1.38853
   381610.00000   1025689.00000         1.41526
   381610.00000   1025704.00000         1.41477
   381610.00000   1025719.00000         1.38938
   381610.00000   1025734.00000         1.41309
   381610.00000   1025749.00000         1.36607
   381610.00000   1025764.00000         1.39341
   381610.00000   1025779.00000         1.41086
   381610.00000   1025794.00000         1.46850
   381610.00000   1025809.00000         1.45359
   381610.00000   1025824.00000         1.52179
   381610.00000   1025839.00000         1.44603
   381610.00000   1025854.00000         1.44114
   381610.00000   1025869.00000         1.50045
   381610.00000   1025884.00000         1.57399
   381610.00000   1025899.00000         1.29097
   381610.00000   1025914.00000         1.27582
   381610.00000   1025929.00000         1.31822
   381610.00000   1025944.00000         1.30501
   381610.00000   1025959.00000         1.25290
   381610.00000   1025974.00000         1.24266
   381610.00000   1025989.00000         1.23978
   381610.00000   1026004.00000         1.31878
   381610.00000   1026019.00000         1.23254
   381610.00000   1026034.00000         1.29972
   381610.00000   1026049.00000         1.31189
   381610.00000   1026064.00000         1.38270
   381610.00000   1026079.00000         1.37746
   381610.00000   1026094.00000         1.32317
   381610.00000   1026109.00000         1.38072
   381610.00000   1026124.00000         1.35920
   381610.00000   1026139.00000         1.27636
   381610.00000   1026154.00000         1.20275
   381610.00000   1026169.00000         1.17672
   381610.00000   1026184.00000         1.15728
   381610.00000   1026199.00000         1.19075
   381610.00000   1026214.00000         1.23050
   381610.00000   1026229.00000         1.15963
   381610.00000   1026244.00000         1.18816
   381610.00000   1026259.00000         1.21063
   381610.00000   1026304.00000         1.17142
   381610.00000   1026319.00000         1.19398
   381610.00000   1026334.00000         1.32985
   381610.00000   1026349.00000         1.35210
   381610.00000   1026364.00000         1.26563
   381610.00000   1026379.00000         1.20375
   381610.00000   1026394.00000         1.22800
   381610.00000   1026409.00000         1.25225
   381610.00000   1026424.00000         1.25333
   381610.00000   1026439.00000         1.27169
   381610.00000   1026454.00000         1.25057
   381610.00000   1026469.00000         1.29016
   381610.00000   1026484.00000         1.31582
   381610.00000   1026499.00000         1.20284
   381610.00000   1026514.00000         1.25999
   381610.00000   1026529.00000         1.19432
   381610.00000   1026544.00000         1.21849
   381610.00000   1026559.00000         1.17624
   381610.00000   1026574.00000         1.20479
   381610.00000   1026589.00000         1.20997
   381610.00000   1026604.00000         1.23734
   381610.00000   1026619.00000         1.18481
   381610.00000   1026634.00000         1.19894
   381610.00000   1026649.00000         1.18287
   381610.00000   1026664.00000         1.21992
   381610.00000   1026679.00000         1.23688
   381610.00000   1026694.00000         1.32047
   381610.00000   1026709.00000         1.28564
   381610.00000   1026724.00000         1.33954
   381610.00000   1026739.00000         1.30602
   381610.00000   1026754.00000         1.31413
   381610.00000   1026769.00000         1.21471
   381610.00000   1026784.00000         1.20521
   381610.00000   1026799.00000         1.27266
   381610.00000   1026814.00000         1.26513
   381610.00000   1026829.00000         1.21734
   381610.00000   1026844.00000         1.25903
   381610.00000   1026859.00000         1.21511
   381610.00000   1026874.00000         1.21506
   381610.00000   1026889.00000         1.21813
   381610.00000   1026904.00000         1.23822
   381610.00000   1026919.00000         1.22612
   381610.00000   1026934.00000         1.25447
   381610.00000   1026949.00000         1.23718
   381610.00000   1026964.00000         1.25093
   381610.00000   1026979.00000         1.37441
   381610.00000   1026994.00000         1.44173
   381610.00000   1027009.00000         1.35103
   381610.00000   1027024.00000         1.37214
   381610.00000   1027039.00000         1.31564
   381610.00000   1027054.00000         1.26575
   381610.00000   1027069.00000         1.28766
   381610.00000   1027084.00000         1.42909
   381610.00000   1027099.00000         1.39470
   381610.00000   1027114.00000         1.28159
   381610.00000   1027129.00000         1.26927
   381610.00000   1027144.00000         1.30083
   381610.00000   1027159.00000         1.32554
   381610.00000   1027174.00000         1.36025
   381610.00000   1027189.00000         1.39773
   381610.00000   1027204.00000         1.26952
   381610.00000   1027219.00000         1.27197
   381610.00000   1027234.00000         1.28900
   381610.00000   1027249.00000         1.33221
   381610.00000   1027264.00000         1.34820
   381610.00000   1027279.00000         1.53818
   381610.00000   1027294.00000         1.41420
   381610.00000   1027309.00000         1.57289
   381610.00000   1027324.00000         1.41463
   381610.00000   1027339.00000         1.59643
   381610.00000   1027354.00000         1.51411
   381610.00000   1027369.00000         1.52372
   381610.00000   1027384.00000         1.50907
   381610.00000   1027444.00000         1.29138
   381610.00000   1027459.00000         1.23885
   381610.00000   1027474.00000         1.25481
   381610.00000   1027489.00000         1.17315
   381610.00000   1027504.00000         1.21366
   381610.00000   1027519.00000         1.29551
   381610.00000   1027534.00000         1.28595
   381610.00000   1027549.00000         1.25349
   381610.00000   1027564.00000         1.30725
   381610.00000   1027579.00000         1.31961
   381610.00000   1027594.00000         1.30444
   381610.00000   1027609.00000         1.27945
   381610.00000   1027624.00000         1.24765
   381610.00000   1027639.00000         1.25362
   381610.00000   1027654.00000         1.26116
   381610.00000   1027669.00000         1.25833
   381610.00000   1027684.00000         1.26840
   381610.00000   1027699.00000         1.25565
   381610.00000   1027714.00000         1.25210
   381610.00000   1027729.00000         1.21408
   381610.00000   1027744.00000         1.20915
   381610.00000   1027759.00000         1.14327
   381610.00000   1027774.00000         1.18153
   381610.00000   1027789.00000         1.20958
   381610.00000   1027804.00000         1.12730
   381610.00000   1027819.00000         1.10995
   381610.00000   1027834.00000         1.09940
   381610.00000   1027849.00000         1.14422
   381610.00000   1027864.00000         1.14157
   381610.00000   1027879.00000         1.17808
   381610.00000   1027894.00000         1.12190
   381610.00000   1027909.00000         1.11575
   381610.00000   1027924.00000         1.14989
   381610.00000   1027939.00000         1.12516
   381610.00000   1027954.00000         1.18558
   381610.00000   1027969.00000         1.14590
   381610.00000   1027984.00000         1.19400
   381610.00000   1027999.00000         1.18591
   381610.00000   1028014.00000         1.08267
   381610.00000   1028029.00000         1.11209
   381610.00000   1028044.00000         1.21041
   381610.00000   1028059.00000         1.20747
   381610.00000   1028074.00000         1.21597
   381610.00000   1028089.00000         1.18953
   381610.00000   1028104.00000         1.25620
   381610.00000   1028119.00000         1.25031
   381610.00000   1028134.00000         1.29076
   381610.00000   1028149.00000         1.28352
   381610.00000   1028164.00000         1.28778
   381610.00000   1028179.00000         1.25120
   381610.00000   1028194.00000         1.30409
   381610.00000   1028209.00000         1.30285
   381610.00000   1028224.00000         1.26676
   381610.00000   1028239.00000         1.22867
   381610.00000   1028254.00000         1.28256
   381610.00000   1028269.00000         1.26431
   381610.00000   1028284.00000         1.35840
   381610.00000   1028299.00000         1.33683
   381610.00000   1028314.00000         1.34052
   381610.00000   1028329.00000         1.22387
   381610.00000   1028344.00000         1.23239
   381610.00000   1028359.00000         1.17936
   381610.00000   1028374.00000         1.19069
   381610.00000   1028389.00000         1.16047
   381610.00000   1028404.00000         1.23420
   381610.00000   1028419.00000         1.22229
   381610.00000   1028434.00000         1.23925
   381610.00000   1028449.00000         1.24675
   381610.00000   1028464.00000         1.28879
   381610.00000   1028479.00000         1.26222
   381610.00000   1028494.00000         1.29570
   381610.00000   1028509.00000         1.25303
   381610.00000   1028524.00000         1.29118
   381610.00000   1028539.00000         1.22302
   381610.00000   1028554.00000         1.25849
   381610.00000   1028569.00000         1.26313
   381610.00000   1028584.00000         1.36282
   381610.00000   1028599.00000         1.34110
   381610.00000   1028614.00000         1.32780
   381610.00000   1028629.00000         1.32616
   381610.00000   1028644.00000         1.34010
   381610.00000   1028659.00000         1.32663
   381610.00000   1028674.00000         1.35445
   381610.00000   1028689.00000         1.26842
   381610.00000   1028704.00000         1.26264
   381610.00000   1028719.00000         1.31067
   381610.00000   1028734.00000         1.28515
   381610.00000   1028749.00000         1.38135
   381610.00000   1028764.00000         1.51079
   381610.00000   1028779.00000         1.46093
   381610.00000   1028794.00000         1.33253
   381610.00000   1028809.00000         1.33310
   381610.00000   1028824.00000         1.35931
   381610.00000   1028839.00000         1.38571
   381610.00000   1028854.00000         1.56693
   381610.00000   1028869.00000         1.32946
   381610.00000   1028884.00000         1.28239
   381610.00000   1028899.00000         1.23753
   381610.00000   1028914.00000         1.38870
   381610.00000   1028929.00000         1.28601
   381610.00000   1028944.00000         1.23116
   381610.00000   1028959.00000         1.16229
   381610.00000   1028974.00000         1.34761
   381610.00000   1028989.00000         1.34603
   381610.00000   1029004.00000         1.37798
   381610.00000   1029019.00000         1.33238
   381610.00000   1029034.00000         1.37090
   381610.00000   1029049.00000         1.26054
   381610.00000   1029064.00000         1.17888
   381610.00000   1029079.00000         1.19748
   381610.00000   1029094.00000         1.22830
   381610.00000   1029109.00000         1.13716
   381610.00000   1029124.00000         1.17264
   381610.00000   1029139.00000         1.18432
   381610.00000   1029154.00000         1.27340
   381610.00000   1029169.00000         1.23607
   381610.00000   1029184.00000         1.25786
   381610.00000   1029199.00000         1.14313
   381610.00000   1029214.00000         1.19704
   381610.00000   1029229.00000         1.22985
   381610.00000   1029244.00000         1.29546
   381610.00000   1029259.00000         1.22607
   381610.00000   1029274.00000         1.20943
   381610.00000   1029289.00000         1.13018
   381610.00000   1029304.00000         1.19610
   381610.00000   1029319.00000         1.18142
   381610.00000   1029334.00000         1.20594
   381610.00000   1029349.00000         1.15326
   381610.00000   1029364.00000         1.17439
   381610.00000   1029379.00000         1.15795
   381610.00000   1029394.00000         1.21090
   381610.00000   1029409.00000         1.15498
   381610.00000   1029424.00000         1.24419
   381610.00000   1029439.00000         1.19439
   381610.00000   1029454.00000         1.19439
   381610.00000   1029469.00000         1.17977
   381610.00000   1029484.00000         1.21532
   381610.00000   1029499.00000         1.16816
   381610.00000   1029514.00000         1.24490
   381610.00000   1029529.00000         1.21071
   381610.00000   1029544.00000         1.26024
   381610.00000   1029559.00000         1.20052
   381610.00000   1029574.00000         1.31080
   381610.00000   1029589.00000         1.38063
   381610.00000   1029604.00000         1.34751
   381610.00000   1029619.00000         1.24664
   381610.00000   1029634.00000         1.20688
   381610.00000   1029649.00000         1.16179
   381610.00000   1029664.00000         1.19666
   381610.00000   1029679.00000         1.18397
   381610.00000   1029694.00000         1.25274
   381610.00000   1029709.00000         1.22955
   381610.00000   1029724.00000         1.28344
   381610.00000   1029739.00000         1.26263
   381610.00000   1029754.00000         1.34101
   381610.00000   1029769.00000         1.30566
   381610.00000   1029784.00000         1.32391
   381610.00000   1029799.00000         1.33230
   381610.00000   1029814.00000         1.38279
   381610.00000   1029829.00000         1.32926
   381610.00000   1029844.00000         1.43394
   381610.00000   1029859.00000         1.27614
   381610.00000   1029874.00000         1.32074
   381610.00000   1029889.00000         1.17064
   381610.00000   1029904.00000         1.21180
   381610.00000   1029919.00000         1.42001
   381610.00000   1029934.00000         1.39772
   381610.00000   1029949.00000         1.33758
   381610.00000   1029964.00000         1.35243
   381610.00000   1029979.00000         1.35578
   381610.00000   1029994.00000         1.45865
   381610.00000   1030009.00000         1.19669
   381610.00000   1030024.00000         1.34393
   381610.00000   1030039.00000         1.29494
   381610.00000   1030054.00000         1.33227
   381610.00000   1030069.00000         1.33230
   381610.00000   1030084.00000         1.39300
   381610.00000   1030099.00000         1.35199
   381610.00000   1030114.00000         1.35678
   381610.00000   1030129.00000         1.67990
   381610.00000   1030144.00000         1.59423
   381610.00000   1030159.00000         1.66963
   381610.00000   1030174.00000         1.68476
   381610.00000   1030189.00000         1.35734
   381610.00000   1030204.00000         1.57202
   381610.00000   1030219.00000         1.44256
   381610.00000   1030234.00000         1.52992
   381625.00000   1017514.00000         1.53091
   381625.00000   1017664.00000         1.60910
   381625.00000   1017739.00000         1.32166
   381625.00000   1017814.00000         1.44667
   381625.00000   1017889.00000         1.40816
   381625.00000   1017964.00000         1.33365
   381625.00000   1018039.00000         1.56488
   381625.00000   1018114.00000         1.54967
   381625.00000   1018189.00000         1.33324
   381625.00000   1018264.00000         1.44097
   381625.00000   1018339.00000         1.30848
   381625.00000   1018414.00000         1.40174
   381625.00000   1018714.00000         1.38293
   381625.00000   1018789.00000         1.28562
   381625.00000   1018864.00000         1.31105
   381625.00000   1018939.00000         1.38218
   381625.00000   1019014.00000         1.22109
   381625.00000   1019089.00000         1.24057
   381625.00000   1019164.00000         1.42498
   381625.00000   1019239.00000         1.55344
   381625.00000   1019314.00000         1.46059
   381625.00000   1019389.00000         1.26151
   381625.00000   1019464.00000         1.33496
   381625.00000   1019614.00000         1.57282
   381625.00000   1019689.00000         1.63292
   381625.00000   1019764.00000         1.44446
   381625.00000   1019839.00000         1.22771
   381625.00000   1019914.00000         1.33208
   381625.00000   1019974.00000         1.64037
   381625.00000   1019989.00000         1.34156
   381625.00000   1020064.00000         1.40999
   381625.00000   1020139.00000         1.46292
   381625.00000   1020214.00000         1.39913
   381625.00000   1020289.00000         1.26710
   381625.00000   1020364.00000         1.51353
   381625.00000   1020439.00000         1.32326
   381625.00000   1020514.00000         1.42915
   381625.00000   1020589.00000         1.32803
   381625.00000   1020664.00000         1.32658
   381625.00000   1020739.00000         1.20973
   381625.00000   1020814.00000         1.25756
   381625.00000   1020889.00000         1.23592
   381625.00000   1020964.00000         1.15116
   381625.00000   1021039.00000         1.16164
   381625.00000   1021114.00000         1.24919
   381625.00000   1021189.00000         1.20796
   381625.00000   1021264.00000         1.21050
   381625.00000   1021339.00000         1.24946
   381625.00000   1021414.00000         1.29504
   381625.00000   1021489.00000         1.37686
   381625.00000   1021564.00000         1.37947
   381625.00000   1021639.00000         1.26140
   381625.00000   1021714.00000         1.31688
   381625.00000   1021789.00000         1.28666
   381625.00000   1021864.00000         1.47864
   381625.00000   1021939.00000         1.15332
   381625.00000   1022014.00000         1.33731
   381625.00000   1022089.00000         1.28284
   381625.00000   1022164.00000         1.30672
   381625.00000   1022239.00000         1.27686
   381625.00000   1022314.00000         1.31237
   381625.00000   1022389.00000         1.37801
   381625.00000   1022464.00000         1.27046
   381625.00000   1022539.00000         1.37856
   381625.00000   1022614.00000         1.22635
   381625.00000   1022689.00000         1.29715
   381625.00000   1022764.00000         1.34044
   381625.00000   1022839.00000         1.36549
   381625.00000   1022914.00000         1.29871
   381625.00000   1022989.00000         1.25165
   381625.00000   1023064.00000         1.24614
   381625.00000   1023139.00000         1.43809
   381625.00000   1023214.00000         1.48321
   381625.00000   1023289.00000         1.23985
   381625.00000   1023364.00000         1.26778
   381625.00000   1023439.00000         1.25809
   381625.00000   1023514.00000         1.42408
   381625.00000   1023589.00000         1.27739
   381625.00000   1023664.00000         1.30432
   381625.00000   1023739.00000         1.35832
   381625.00000   1023814.00000         1.30419
   381625.00000   1023889.00000         1.39684
   381625.00000   1023964.00000         1.36209
   381625.00000   1024039.00000         1.33379
   381625.00000   1024114.00000         1.50165
   381625.00000   1024189.00000         1.46343
   381625.00000   1024264.00000         1.48109
   381625.00000   1024339.00000         1.46016
   381625.00000   1024414.00000         1.32979
   381625.00000   1024489.00000         1.40375
   381625.00000   1024564.00000         1.48091
   381625.00000   1024639.00000         1.39481
   381625.00000   1024714.00000         1.39656
   381625.00000   1024744.00000         1.31616
   381625.00000   1024789.00000         1.38036
   381625.00000   1024864.00000         1.42992
   381625.00000   1024939.00000         1.39152
   381625.00000   1025014.00000         1.34311
   381625.00000   1025089.00000         1.37694
   381625.00000   1025164.00000         1.36921
   381625.00000   1025239.00000         1.39485
   381625.00000   1025314.00000         1.58883
   381625.00000   1025389.00000         1.33820
   381625.00000   1025464.00000         1.38816
   381625.00000   1025539.00000         1.28524
   381625.00000   1025614.00000         1.31470
   381625.00000   1025689.00000         1.48687
   381625.00000   1025764.00000         1.42955
   381625.00000   1025839.00000         1.42289
   381625.00000   1025914.00000         1.29652
   381625.00000   1025989.00000         1.28984
   381625.00000   1026064.00000         1.32038
   381625.00000   1026139.00000         1.30382
   381625.00000   1026214.00000         1.21304
   381625.00000   1026364.00000         1.33925
   381625.00000   1026439.00000         1.23817
   381625.00000   1026514.00000         1.27677
   381625.00000   1026589.00000         1.19716
   381625.00000   1026664.00000         1.19053
   381625.00000   1026739.00000         1.20719
   381625.00000   1026814.00000         1.33182
   381625.00000   1026889.00000         1.26609
   381625.00000   1026964.00000         1.29319
   381625.00000   1027039.00000         1.44386
   381625.00000   1027114.00000         1.24975
   381625.00000   1027189.00000         1.42791
   381625.00000   1027264.00000         1.39420
   381625.00000   1027339.00000         1.54705
   381625.00000   1027489.00000         1.25095
   381625.00000   1027564.00000         1.27746
   381625.00000   1027639.00000         1.26589
   381625.00000   1027714.00000         1.26015
   381625.00000   1027789.00000         1.18303
   381625.00000   1027864.00000         1.21972
   381625.00000   1027939.00000         1.27927
   381625.00000   1028014.00000         1.14546
   381625.00000   1028089.00000         1.34432
   381625.00000   1028164.00000         1.25273
   381625.00000   1028239.00000         1.36648
   381625.00000   1028314.00000         1.30237
   381625.00000   1028389.00000         1.17313
   381625.00000   1028464.00000         1.27641
   381625.00000   1028539.00000         1.28380
   381625.00000   1028614.00000         1.34889
   381625.00000   1028689.00000         1.30816
   381625.00000   1028764.00000         1.47205
   381625.00000   1028839.00000         1.53536
   381625.00000   1028914.00000         1.45619
   381625.00000   1028989.00000         1.28062
   381625.00000   1029064.00000         1.30189
   381625.00000   1029139.00000         1.13205
   381625.00000   1029214.00000         1.24233
   381625.00000   1029289.00000         1.23726
   381625.00000   1029364.00000         1.17841
   381625.00000   1029439.00000         1.17945
   381625.00000   1029514.00000         1.27865
   381625.00000   1029589.00000         1.32904
   381625.00000   1029664.00000         1.18819
   381625.00000   1029739.00000         1.21136
   381625.00000   1029814.00000         1.36727
   381625.00000   1029889.00000         1.23100
   381625.00000   1029964.00000         1.34896
   381625.00000   1030039.00000         1.34762
   381625.00000   1030114.00000         1.61782
   381625.00000   1030189.00000         1.61775
   381640.00000   1017514.00000         1.42090
   381640.00000   1017664.00000         1.54466
   381640.00000   1017739.00000         1.39425
   381640.00000   1017814.00000         1.36866
   381640.00000   1017889.00000         1.35700
   381640.00000   1017964.00000         1.35533
   381640.00000   1018039.00000         1.50800
   381640.00000   1018114.00000         1.49839
   381640.00000   1018189.00000         1.30413
   381640.00000   1018264.00000         1.33180
   381640.00000   1018339.00000         1.32704
   381640.00000   1018414.00000         1.35452
   381640.00000   1018789.00000         1.21990
   381640.00000   1018864.00000         1.24041
   381640.00000   1018939.00000         1.31527
   381640.00000   1019014.00000         1.18412
   381640.00000   1019089.00000         1.35745
   381640.00000   1019164.00000         1.42698
   381640.00000   1019239.00000         1.53564
   381640.00000   1019314.00000         1.48664
   381640.00000   1019389.00000         1.43363
   381640.00000   1019464.00000         1.33582
   381640.00000   1019614.00000         1.52432
   381640.00000   1019689.00000         1.41356
   381640.00000   1019764.00000         1.32596
   381640.00000   1019839.00000         1.32160
   381640.00000   1019914.00000         1.30861
   381640.00000   1019989.00000         1.39779
   381640.00000   1020064.00000         1.29058
   381640.00000   1020139.00000         1.35991
   381640.00000   1020214.00000         1.22606
   381640.00000   1020289.00000         1.21707
   381640.00000   1020364.00000         1.31469
   381640.00000   1020439.00000         1.38422
   381640.00000   1020514.00000         1.34730
   381640.00000   1020589.00000         1.40347
   381640.00000   1020664.00000         1.33792
   381640.00000   1020739.00000         1.17425
   381640.00000   1020814.00000         1.26731
   381640.00000   1020889.00000         1.23685
   381640.00000   1020964.00000         1.15415
   381640.00000   1021039.00000         1.21339
   381640.00000   1021114.00000         1.17844
   381640.00000   1021189.00000         1.21117
   381640.00000   1021264.00000         1.20880
   381640.00000   1021339.00000         1.26441
   381640.00000   1021414.00000         1.29687
   381640.00000   1021489.00000         1.37327
   381640.00000   1021564.00000         1.32725
   381640.00000   1021639.00000         1.25935
   381640.00000   1021714.00000         1.37780
   381640.00000   1021789.00000         1.32971
   381640.00000   1021864.00000         1.35814
   381640.00000   1021939.00000         1.17332
   381640.00000   1022014.00000         1.36966
   381640.00000   1022089.00000         1.28327
   381640.00000   1022164.00000         1.31003
   381640.00000   1022239.00000         1.23404
   381640.00000   1022314.00000         1.33895
   381640.00000   1022389.00000         1.35395
   381640.00000   1022464.00000         1.37904
   381640.00000   1022539.00000         1.32110
   381640.00000   1022614.00000         1.32872
   381640.00000   1022689.00000         1.24214
   381640.00000   1022764.00000         1.34514
   381640.00000   1022839.00000         1.27235
   381640.00000   1022914.00000         1.37983
   381640.00000   1022989.00000         1.32427
   381640.00000   1023064.00000         1.31193
   381640.00000   1023139.00000         1.35896
   381640.00000   1023214.00000         1.51574
   381640.00000   1023289.00000         1.24061
   381640.00000   1023364.00000         1.26907
   381640.00000   1023439.00000         1.21497
   381640.00000   1023514.00000         1.41105
   381640.00000   1023589.00000         1.46071
   381640.00000   1023664.00000         1.22566
   381640.00000   1023739.00000         1.44271
   381640.00000   1023814.00000         1.30917
   381640.00000   1023889.00000         1.38690
   381640.00000   1023964.00000         1.29005
   381640.00000   1024039.00000         1.35891
   381640.00000   1024114.00000         1.45329
   381640.00000   1024189.00000         1.55063
   381640.00000   1024264.00000         1.65934
   381640.00000   1024339.00000         1.63968
   381640.00000   1024414.00000         1.34912
   381640.00000   1024489.00000         1.30631
   381640.00000   1024564.00000         1.43178
   381640.00000   1024639.00000         1.40280
   381640.00000   1024714.00000         1.37494
   381640.00000   1024729.00000         1.31825
   381640.00000   1024744.00000         1.31799
   381640.00000   1024789.00000         1.35743
   381640.00000   1024864.00000         1.49076
   381640.00000   1024939.00000         1.33382
   381640.00000   1025014.00000         1.39254
   381640.00000   1025089.00000         1.37314
   381640.00000   1025164.00000         1.30143
   381640.00000   1025239.00000         1.42098
   381640.00000   1025314.00000         1.46853
   381640.00000   1025389.00000         1.40018
   381640.00000   1025464.00000         1.31683
   381640.00000   1025539.00000         1.24348
   381640.00000   1025614.00000         1.36716
   381640.00000   1025689.00000         1.42814
   381640.00000   1025764.00000         1.45406
   381640.00000   1025839.00000         1.40248
   381640.00000   1025914.00000         1.30573
   381640.00000   1025989.00000         1.27855
   381640.00000   1026064.00000         1.29972
   381640.00000   1026139.00000         1.19489
   381640.00000   1026214.00000         1.19059
   381640.00000   1026364.00000         1.25903
   381640.00000   1026439.00000         1.30357
   381640.00000   1026514.00000         1.22053
   381640.00000   1026589.00000         1.24543
   381640.00000   1026664.00000         1.17998
   381640.00000   1026739.00000         1.24487
   381640.00000   1026814.00000         1.26728
   381640.00000   1026889.00000         1.17417
   381640.00000   1026964.00000         1.24920
   381640.00000   1027039.00000         1.29014
   381640.00000   1027114.00000         1.29325
   381640.00000   1027189.00000         1.42246
   381640.00000   1027264.00000         1.31189
   381640.00000   1027339.00000         1.61375
   381640.00000   1027489.00000         1.36433
   381640.00000   1027564.00000         1.26857
   381640.00000   1027639.00000         1.28745
   381640.00000   1027714.00000         1.24984
   381640.00000   1027789.00000         1.17511
   381640.00000   1027864.00000         1.18546
   381640.00000   1027939.00000         1.27185
   381640.00000   1028014.00000         1.16951
   381640.00000   1028089.00000         1.17028
   381640.00000   1028164.00000         1.25474
   381640.00000   1028239.00000         1.28658
   381640.00000   1028314.00000         1.23481
   381640.00000   1028389.00000         1.16484
   381640.00000   1028464.00000         1.20086
   381640.00000   1028539.00000         1.21745
   381640.00000   1028614.00000         1.30829
   381640.00000   1028689.00000         1.31559
   381640.00000   1028764.00000         1.52131
   381640.00000   1028839.00000         1.40522
   381640.00000   1028914.00000         1.39939
   381640.00000   1028989.00000         1.37159
   381640.00000   1029064.00000         1.32563
   381640.00000   1029139.00000         1.11810
   381640.00000   1029214.00000         1.19362
   381640.00000   1029289.00000         1.23307
   381640.00000   1029364.00000         1.13919
   381640.00000   1029439.00000         1.18659
   381640.00000   1029514.00000         1.22681
   381640.00000   1029589.00000         1.31253
   381640.00000   1029664.00000         1.20873
   381640.00000   1029739.00000         1.23016
   381640.00000   1029814.00000         1.43713
   381640.00000   1029889.00000         1.49310
   381640.00000   1029964.00000         1.42306
   381640.00000   1030039.00000         1.34239
   381640.00000   1030114.00000         1.75015
   381640.00000   1030189.00000         1.56747
   381655.00000   1017514.00000         1.52356
   381655.00000   1017664.00000         1.48094
   381655.00000   1017739.00000         1.35988
   381655.00000   1017814.00000         1.31890
   381655.00000   1017889.00000         1.51425
   381655.00000   1017964.00000         1.38456
   381655.00000   1018039.00000         1.38437
   381655.00000   1018114.00000         1.45953
   381655.00000   1018189.00000         1.33649
   381655.00000   1018264.00000         1.31023
   381655.00000   1018339.00000         1.32077
   381655.00000   1018414.00000         1.38312
   381655.00000   1018789.00000         1.28748
   381655.00000   1018864.00000         1.47647
   381655.00000   1018939.00000         1.24245
   381655.00000   1019014.00000         1.24826
   381655.00000   1019089.00000         1.22904
   381655.00000   1019164.00000         1.42051
   381655.00000   1019239.00000         1.59257
   381655.00000   1019314.00000         1.49378
   381655.00000   1019389.00000         1.34074
   381655.00000   1019464.00000         1.24574
   381655.00000   1019614.00000         1.36208
   381655.00000   1019689.00000         1.17569
   381655.00000   1019764.00000         1.33654
   381655.00000   1019839.00000         1.28230
   381655.00000   1019914.00000         1.34752
   381655.00000   1019989.00000         1.41139
   381655.00000   1020064.00000         1.38236
   381655.00000   1020139.00000         1.27508
   381655.00000   1020214.00000         1.19046
   381655.00000   1020289.00000         1.35036
   381655.00000   1020364.00000         1.26620
   381655.00000   1020439.00000         1.35531
   381655.00000   1020514.00000         1.32785
   381655.00000   1020589.00000         1.41508
   381655.00000   1020664.00000         1.33047
   381655.00000   1020739.00000         1.16911
   381655.00000   1020814.00000         1.17741
   381655.00000   1020889.00000         1.21098
   381655.00000   1020964.00000         1.17600
   381655.00000   1021039.00000         1.13534
   381655.00000   1021114.00000         1.20654
   381655.00000   1021189.00000         1.18577
   381655.00000   1021264.00000         1.22604
   381655.00000   1021339.00000         1.27186
   381655.00000   1021414.00000         1.35896
   381655.00000   1021489.00000         1.40956
   381655.00000   1021564.00000         1.29153
   381655.00000   1021639.00000         1.25418
   381655.00000   1021714.00000         1.29169
   381655.00000   1021789.00000         1.29006
   381655.00000   1021864.00000         1.24882
   381655.00000   1021939.00000         1.19567
   381655.00000   1022014.00000         1.43196
   381655.00000   1022089.00000         1.21397
   381655.00000   1022164.00000         1.32435
   381655.00000   1022239.00000         1.23568
   381655.00000   1022314.00000         1.41197
   381655.00000   1022389.00000         1.33317
   381655.00000   1022464.00000         1.49372
   381655.00000   1022539.00000         1.30626
   381655.00000   1022614.00000         1.33710
   381655.00000   1022689.00000         1.27352
   381655.00000   1022764.00000         1.45252
   381655.00000   1022839.00000         1.34085
   381655.00000   1022914.00000         1.31175
   381655.00000   1022989.00000         1.33565
   381655.00000   1023064.00000         1.34715
   381655.00000   1023139.00000         1.54334
   381655.00000   1023214.00000         1.38865
   381655.00000   1023289.00000         1.25859
   381655.00000   1023364.00000         1.40893
   381655.00000   1023439.00000         1.34114
   381655.00000   1023514.00000         1.40909
   381655.00000   1023589.00000         1.40996
   381655.00000   1023664.00000         1.29942
   381655.00000   1023739.00000         1.43827
   381655.00000   1023814.00000         1.37684
   381655.00000   1023889.00000         1.45179
   381655.00000   1023964.00000         1.27349
   381655.00000   1024039.00000         1.29495
   381655.00000   1024114.00000         1.48461
   381655.00000   1024189.00000         1.53686
   381655.00000   1024264.00000         1.52906
   381655.00000   1024339.00000         1.68082
   381655.00000   1024414.00000         1.47323
   381655.00000   1024489.00000         1.34092
   381655.00000   1024564.00000         1.38292
   381655.00000   1024639.00000         1.39429
   381655.00000   1024714.00000         1.33075
   381655.00000   1024729.00000         1.22211
   381655.00000   1024789.00000         1.35917
   381655.00000   1024864.00000         1.55721
   381655.00000   1024939.00000         1.33684
   381655.00000   1025014.00000         1.27774
   381655.00000   1025089.00000         1.35481
   381655.00000   1025164.00000         1.31143
   381655.00000   1025239.00000         1.31853
   381655.00000   1025314.00000         1.84454
   381655.00000   1025389.00000         1.38672
   381655.00000   1025464.00000         1.29353
   381655.00000   1025539.00000         1.19349
   381655.00000   1025614.00000         1.38604
   381655.00000   1025689.00000         1.42707
   381655.00000   1025764.00000         1.43194
   381655.00000   1025839.00000         1.49353
   381655.00000   1025914.00000         1.48651
   381655.00000   1025989.00000         1.34676
   381655.00000   1026064.00000         1.23634
   381655.00000   1026139.00000         1.42452
   381655.00000   1026214.00000         1.23204
   381655.00000   1026364.00000         1.28243
   381655.00000   1026439.00000         1.25288
   381655.00000   1026514.00000         1.19610
   381655.00000   1026589.00000         1.22819
   381655.00000   1026664.00000         1.20262
   381655.00000   1026739.00000         1.30045
   381655.00000   1026814.00000         1.21829
   381655.00000   1026889.00000         1.30157
   381655.00000   1026964.00000         1.20848
   381655.00000   1027039.00000         1.30922
   381655.00000   1027114.00000         1.36438
   381655.00000   1027189.00000         1.46950
   381655.00000   1027264.00000         1.28638
   381655.00000   1027489.00000         1.35262
   381655.00000   1027564.00000         1.22244
   381655.00000   1027639.00000         1.17923
   381655.00000   1027714.00000         1.14220
   381655.00000   1027789.00000         1.21710
   381655.00000   1027864.00000         1.22533
   381655.00000   1027939.00000         1.19787
   381655.00000   1028014.00000         1.24411
   381655.00000   1028089.00000         1.20394
   381655.00000   1028164.00000         1.34748
   381655.00000   1028239.00000         1.26820
   381655.00000   1028314.00000         1.28118
   381655.00000   1028389.00000         1.16029
   381655.00000   1028464.00000         1.22704
   381655.00000   1028539.00000         1.18213
   381655.00000   1028614.00000         1.35314
   381655.00000   1028689.00000         1.27411
   381655.00000   1028764.00000         1.50348
   381655.00000   1028839.00000         1.49932
   381655.00000   1028914.00000         1.27004
   381655.00000   1028989.00000         1.43085
   381655.00000   1029064.00000         1.28323
   381655.00000   1029139.00000         1.10058
   381655.00000   1029214.00000         1.30357
   381655.00000   1029289.00000         1.24079
   381655.00000   1029364.00000         1.19063
   381655.00000   1029439.00000         1.20322
   381655.00000   1029514.00000         1.22753
   381655.00000   1029589.00000         1.26946
   381655.00000   1029664.00000         1.22232
   381655.00000   1029739.00000         1.35019
   381655.00000   1029814.00000         1.45728
   381655.00000   1029889.00000         1.59711
   381655.00000   1029964.00000         1.43756
   381655.00000   1030039.00000         1.59851
   381655.00000   1030114.00000         1.41924
   381655.00000   1030189.00000         1.61446
